412 2
0.345304220968233 -0.17716351334114896 
0.01965928260593962 -0.04522457511057964 
0.04429230429224154 -0.11312690301918134 
0.32824658168761195 -0.18851033531684436 
0.00612617412939292 -0.016496656650893848 
0.04051219162828088 -0.10520054942139025 
0.18697582703424237 -0.1130676717080283 
0.006126174129392918 -0.016496656650894566 
0.039177252960756394 -0.11155632687774636 
0.02074338635809376 -0.004964119807207037 
0.2767742492367004 -0.23540771856202428 
0.1432173106219959 0.07826429790615927 
0.024971096010487217 -0.047944938906628994 
0.015835930397368754 -0.04264323882983467 
0.018173366204141603 -0.05151670214222491 
0.19290072511655726 -0.2188080082959024 
0.03344122843335709 -0.09002282193637587 
0.006126174129392918 -0.01649665665089458 
0.045672017220066516 -0.12758746560338463 
0.006126174129392918 -0.01649665665089458 
0.006126174129392918 -0.01649665665089458 
0.01368612809366175 -0.02838549949972322 
0.00990601542970118 -0.02045914590193124 
0.13241320306988555 0.028145742741908168 
0.006462145281621208 -0.013550190974669642 
0.006462145281621208 -0.013550190974669642 
0.006462145281621208 -0.013550190974669642 
0.017843189872530953 -0.04357173324436796 
0.006462145281621208 -0.013550190974669642 
0.006462145281621208 -0.013550190974669642 
0.24500895923220198 0.037027762796114076 
0.006462145281621208 -0.013550190974669642 
0.010242257945581767 -0.02147654457246162 
0.006462145281621208 -0.013550190974669642 
0.006462145281621208 -0.013550190974669642 
0.007070963194923779 -0.015177727485013932 
0.003443870148079982 -0.006908954927261581 
0.07824822213441698 0.08829498163436315 
0.003443870148079982 -0.006908954927261581 
0.003443870148079982 -0.006908954927261581 
0.003443870148079982 -0.006908954927261581 
0.023297219390250663 -0.03480953634637176 
0.10048993425279085 -0.05837372524171767 
0.08369056245453733 0.02723767355072605 
0.003443870148079982 -0.006908954927261581 
0.003443870148079982 -0.006908954927261581 
0.027315421912475095 0.04898445397287483 
0.032048688831643975 -0.08904376833468941 
0.003443870148079982 -0.006908954927261581 
0.0036270930468437915 -0.008268772557752357 
0.0036270930468437915 -0.008268772557752357 
0.0036270930468437915 -0.008268772557752357 
0.0036270930468437915 -0.008268772557752357 
0.0036270930468437915 -0.008268772557752357 
0.0036270930468437915 -0.008268772557752357 
0.0036270930468437915 -0.008268772557752357 
0.0036270930468437915 -0.008268772557752357 
0.010554452858486624 -0.02998369475439232 
0.020852909022342964 -0.05997597431081165 
0.017108552239214692 -0.048973535123679725 
0.03576294232425344 -0.10252570826330898 
0.006659118341086523 -0.018917605142550545 
0.020852909022342964 -0.05997597431081165 
0.006659118341086523 -0.018917605142550545 
0.006592858754307244 -0.01896318049635482 
0.05278746743523033 -0.087910672261296 
0.01864005082905593 -0.05398322598768519 
0.07011759779083072 0.03795931532243745 
0.009304722247197228 -0.026429218532811966 
0.007600931926949192 -0.022095188671906317 
0.15337367663079574 0.0682441430952597 
0.03659782488928161 -0.054519162512761045 
0.022862271669460574 -0.04389354539959517 
0.012047192074748683 -0.03502004549133039 
0.007600931926949192 -0.022095188671906317 
0.007600931926949192 -0.022095188671906317 
0.007600931926949192 -0.022095188671906317 
0.03595713189255076 -0.05840064018264749 
0.007600931926949192 -0.022095188671906317 
0.007600931926949192 -0.022095188671906317 
0.0027118634928899824 -0.007466038036457155 
0.005995755858725203 -0.013575363407252992 
0.0037829007664201123 -0.008565100689181105 
0.005493119875250626 -0.011138425728392338 
0.0037829007664201123 -0.008565100689181105 
0.0037829007664201123 -0.008565100689181105 
0.04720499757029232 -0.0382742149272362 
0.0037829007664201123 -0.008565100689181105 
0.0037829007664201123 -0.008565100689181105 
0.0037829007664201123 -0.008565100689181105 
0.0037829007664201123 -0.008565100689181105 
0.001710219108830513 -0.0025733250392112154 
0.0027106331555131146 -0.004078623689316569 
0.001710219108830513 -0.0025733250392112154 
0.001710219108830513 -0.0025733250392112154 
0.025581770873225638 0.05332008386092516 
0.001710219108830513 -0.0025733250392112154 
0.001710219108830513 -0.0025733250392112154 
0.001710219108830513 -0.0025733250392112154 
0.033849722628873175 -0.03750029600859772 
0.013094860223090183 -0.014507094783052305 
0.022723693546003176 -0.028260326621515737 
0.022723693546003176 -0.028260326621515737 
0.04877248891947193 -0.06222529851803129 
0.1133738979384323 0.004677926249369855 
0.020754862405783017 -0.022993201225545427 
0.1588124478877631 0.02584613015696323 
0.020754862405783017 -0.022993201225545427 
0.08552807347470057 0.02452625765496771 
0.06512591412142539 -0.003549637765628437 
0.057251539620194275 0.06108614303813137 
0.013094860223090183 -0.014507094783052305 
0.04262520894607229 -0.045464357602528066 
0.020754862405783017 -0.022993201225545427 
0.020754862405783017 -0.022993201225545427 
0.013094860223090183 -0.014507094783052305 
0.13713998420065315 0.13249625012634236 
0.0680375645152104 0.023129376256897132 
0.053259875133948156 -0.015073298955063298 
0.013094860223090183 -0.014507094783052305 
0.12892307946220793 -0.004797510804605919 
0.020754862405783017 -0.022993201225545427 
0.013094860223090183 -0.014507094783052305 
0.06496793259067482 -0.025257934514961448 
0.013094860223090183 -0.014507094783052305 
0.03696641198748529 0.041386314117084044 
0.013094860223090183 -0.014507094783052305 
0.06422594536092864 -0.032455848169316126 
0.013094860223090183 -0.014507094783052305 
0.013094860223090183 -0.014507094783052305 
0.07541414845554759 0.05955972626229069 
0.06647397372955018 0.06836236366697288 
0.03337998785579914 0.005192734137994855 
0.0455998729512553 -0.006587192512570147 
0.06876918895187112 0.050222760493648516 
0.124106310894494 0.05228377473931266 
0.013094860223090183 -0.014507094783052305 
0.025314745318546356 -0.026287021433617292 
0.013094860223090183 -0.014507094783052305 
0.03462939938193081 -0.040469098730080165 
0.009628833322912998 -0.013753231838463451 
0.04177999994309918 0.01747025827201844 
0.009628833322912998 -0.013753231838463451 
0.009628833322912998 -0.013753231838463451 
0.03862572628524541 -0.046177205679318205 
0.036690081780459766 -0.030336113077111378 
0.04272281919666404 0.04941639769051441 
0.021848718418369176 -0.02553315848902843 
0.03310015409070225 -0.04565745859517834 
0.015261339742511397 -0.021798356727688876 
0.015261339742511395 -0.021798356727688883 
0.009628833322912998 -0.013753231838463451 
0.04177999994309918 0.01747025827201844 
0.009628833322912998 -0.013753231838463451 
0.009628833322912998 -0.013753231838463451 
0.07219254549472526 -0.041472358086035624 
0.009628833322912998 -0.013753231838463451 
0.009628833322912998 -0.013753231838463451 
0.046835707310523306 -0.056283075708344316 
0.01221988509545621 -0.01177992665056498 
0.01221988509545621 -0.01177992665056498 
0.01221988509545621 -0.01177992665056498 
0.06890003634964431 -0.014997940563440289 
0.01221988509545621 -0.01177992665056498 
0.01221988509545621 -0.01177992665056498 
0.01221988509545621 -0.01177992665056498 
0.01221988509545621 -0.01177992665056498 
0.01221988509545621 -0.01177992665056498 
0.01221988509545621 -0.01177992665056498 
0.1526414432948557 0.20720902435838864 
0.019368059639419444 -0.018670742002391286 
0.030334129866399898 -0.03605329121664429 
0.019368059639419444 -0.018670742002391286 
0.030058699443647068 -0.03563902851805449 
0.01221988509545621 -0.01177992665056498 
0.01221988509545621 -0.01177992665056498 
0.01221988509545621 -0.01177992665056498 
0.02443977019091242 -0.02355985330112996 
0.06944794290348483 -0.08565170906596166 
0.07274717314587942 0.06419871644763384 
0.032505012728165146 0.007919902270482128 
0.01221988509545621 -0.01177992665056498 
0.01221988509545621 -0.01177992665056498 
0.030058699443647068 -0.03563902851805449 
0.01221988509545621 -0.01177992665056498 
0.030058699443647068 -0.03563902851805449 
0.021442319204812113 -0.004503706021723457 
0.05034382707635605 -0.015939199597007292 
0.01221988509545621 -0.01177992665056498 
0.01221988509545621 -0.01177992665056498 
0.01221988509545621 -0.01177992665056498 
0.01738081009003874 -0.02755068867153102 
0.01096607022698044 -0.01738254921425299 
0.01738081009003874 -0.02755068867153102 
0.01096607022698044 -0.01738254921425299 
0.01096607022698044 -0.01738254921425299 
0.01096607022698044 -0.01738254921425299 
0.01096607022698044 -0.01738254921425299 
0.01096607022698044 -0.01738254921425299 
0.01096607022698044 -0.01738254921425299 
0.01096607022698044 -0.01738254921425299 
0.01096607022698044 -0.01738254921425299 
0.039770954802151766 -0.05862420029599554 
0.01096607022698044 -0.01738254921425299 
0.01096607022698044 -0.01738254921425299 
0.01738081009003874 -0.02755068867153102 
0.13402560066025193 0.13521470383344789 
0.01738081009003874 -0.02755068867153102 
0.01096607022698044 -0.01738254921425299 
0.01096607022698044 -0.01738254921425299 
0.01096607022698044 -0.01738254921425299 
0.01096607022698044 -0.01738254921425299 
0.01096607022698044 -0.01738254921425299 
0.01096607022698044 -0.01738254921425299 
0.01096607022698044 -0.01738254921425299 
0.01096607022698044 -0.01738254921425299 
0.01096607022698044 -0.01738254921425299 
0.0848276029597526 0.045875247928875706 
0.01096607022698044 -0.01738254921425299 
0.01096607022698044 -0.01738254921425299 
0.04565466188924784 -0.06536647043238802 
0.01096607022698044 -0.01738254921425299 
0.01096607022698044 -0.01738254921425299 
0.03483762199137558 0.03851085968588336 
0.01096607022698044 -0.01738254921425299 
0.032456026576891714 -0.012326565023801991 
0.05153885409246286 0.07772207078666099 
0.009222434109355917 0.00727622062884152 
0.02950756174206489 0.026976049549888737 
0.009222434109355917 0.00727622062884152 
0.009222434109355917 0.00727622062884152 
0.009222434109355917 0.00727622062884152 
0.009222434109355917 0.00727622062884152 
0.009222434109355917 0.00727622062884152 
0.009222434109355917 0.00727622062884152 
0.009222434109355917 0.00727622062884152 
0.009222434109355917 0.00727622062884152 
0.02706124845754678 -0.016582881238647984 
0.009222434109355917 0.00727622062884152 
0.014617212228700839 0.01153253684368751 
0.014617212228700839 0.01153253684368751 
0.02950756174206489 0.026976049549888737 
0.07725066527085507 0.13876286735016105 
0.009222434109355917 0.00727622062884152 
0.014617212228700839 0.01153253684368751 
0.014617212228700839 0.01153253684368751 
0.06734307612265497 0.11556500669407908 
0.009222434109355917 0.00727622062884152 
0.009222434109355917 0.00727622062884152 
0.032456026576891714 -0.012326565023801991 
0.032456026576891714 -0.012326565023801991 
0.014617212228700839 0.01153253684368751 
0.009222434109355917 0.00727622062884152 
0.009222434109355917 0.00727622062884152 
0.009222434109355917 0.00727622062884152 
0.009222434109355917 0.00727622062884152 
0.009222434109355917 0.00727622062884152 
0.03309398587375104 0.06316962952897788 
0.009222434109355917 0.00727622062884152 
0.009222434109355917 0.00727622062884152 
0.009222434109355917 0.00727622062884152 
0.009222434109355917 0.00727622062884152 
0.02706124845754678 -0.016582881238647984 
0.09355196869120683 0.12562120349781136 
0.07351314307697181 0.0408707534092114 
0.01783881434819087 -0.02385910186748949 
0.01783881434819087 -0.02385910186748949 
0.01783881434819087 -0.02385910186748949 
0.01783881434819087 -0.02385910186748949 
0.041710366112585995 0.03203430703264677 
0.01783881434819087 -0.02385910186748949 
0.06199549374529499 0.051734135953694166 
0.01783881434819087 -0.02385910186748949 
0.04855897943191807 -0.018115952839809782 
0.07386153273277217 0.0632577971431287 
0.055674328728780954 0.06472985527670085 
0.0782638327675861 -0.03045139351786461 
0.08071014605210432 0.01310753727067232 
0.04855897943191807 -0.018115952839809782 
0.028273851799209004 -0.03781578176085697 
0.028273851799209004 -0.03781578176085697 
0.03567762869638174 -0.04771820373497898 
0.01783881434819087 -0.02385910186748949 
0.03567762869638174 -0.04771820373497898 
0.01783881434819087 -0.02385910186748949 
0.01783881434819087 -0.02385910186748949 
0.01783881434819087 -0.02385910186748949 
0.028273851799209004 -0.03781578176085697 
0.01783881434819087 -0.02385910186748949 
0.01783881434819087 -0.02385910186748949 
0.038123941980899835 -0.004159272946442288 
0.01783881434819087 -0.02385910186748949 
0.01783881434819087 -0.02385910186748949 
0.01783881434819087 -0.02385910186748949 
0.01783881434819087 -0.02385910186748949 
0.01783881434819087 -0.02385910186748949 
0.04855897943191807 -0.018115952839809782 
0.03567762869638174 -0.04771820373497898 
0.041710366112585995 0.03203430703264677 
0.01783881434819087 -0.02385910186748949 
0.03567762869638174 -0.04771820373497898 
0.017838814348190877 -0.02385910186748949 
0.01783881434819087 -0.02385910186748949 
0.01783881434819087 -0.02385910186748949 
0.01783881434819087 -0.02385910186748949 
0.01783881434819087 -0.02385910186748949 
0.01783881434819087 -0.02385910186748949 
0.03567762869638174 -0.04771820373497898 
0.01783881434819087 -0.02385910186748949 
0.055674328728780954 0.06472985527670085 
0.01783881434819087 -0.02385910186748949 
0.01783881434819087 -0.02385910186748949 
0.01783881434819087 -0.02385910186748949 
0.01783881434819087 -0.02385910186748949 
0.01783881434819087 -0.02385910186748949 
0.023871551764395114 0.05589340890013635 
0.023871551764395114 0.05589340890013635 
0.023871551764395114 0.05589340890013635 
0.023871551764395114 0.05589340890013635 
0.023871551764395114 0.05589340890013635 
0.08730104597563655 0.1766124655074232 
0.023871551764395114 0.05589340890013635 
0.037835514380590234 0.08858895714419034 
0.023871551764395114 0.05589340890013635 
0.08199219377769426 0.16418219496537403 
0.037835514380590234 0.08858895714419034 
0.04774310352879023 0.1117868178002727 
0.037835514380590234 0.08858895714419034 
0.023871551764395114 0.05589340890013635 
0.023871551764395114 0.05589340890013635 
0.023871551764395114 0.05589340890013635 
0.023871551764395114 0.05589340890013635 
0.06802823116149924 0.1314866467213198 
0.037835514380590234 0.08858895714419034 
0.023871551764395114 0.05589340890013635 
0.023871551764395114 0.05589340890013635 
0.023871551764395114 0.05589340890013635 
0.023871551764395114 0.05589340890013635 
0.044156679397104125 0.07559323782118367 
0.023871551764395114 0.05589340890013635 
0.023871551764395114 0.05589340890013635 
0.0757131543430161 0.1494803053653012 
0.05602271838458129 0.08711689901061846 
0.023871551764395114 0.05589340890013635 
0.023871551764395114 0.05589340890013635 
0.023871551764395114 0.05589340890013635 
0.023871551764395114 0.05589340890013635 
0.037835514380590234 0.08858895714419034 
0.04774310352879023 0.1117868178002727 
0.04774310352879023 0.1117868178002727 
0.023871551764395114 0.05589340890013635 
0.044156679397104125 0.07559323782118367 
0.044156679397104125 0.07559323782118367 
0.044156679397104125 0.07559323782118367 
0.023871551764395114 0.05589340890013635 
0.037835514380590234 0.08858895714419034 
0.023871551764395114 0.05589340890013635 
0.044156679397104125 0.07559323782118367 
0.023871551764395114 0.05589340890013635 
0.037835514380590234 0.08858895714419034 
0.023871551764395114 0.05589340890013635 
0.023871551764395114 0.05589340890013635 
0.023871551764395114 0.05589340890013635 
0.023871551764395114 0.05589340890013635 
0.023871551764395114 0.05589340890013635 
0.023871551764395114 0.05589340890013635 
0.023871551764395114 0.05589340890013635 
0.023871551764395114 0.05589340890013635 
0.023871551764395114 0.05589340890013635 
0.023871551764395114 0.05589340890013635 
0.020285127632708927 0.019699828921047165 
0.020285127632708927 0.019699828921047165 
0.020285127632708927 0.019699828921047165 
0.020285127632708927 0.019699828921047165 
0.020285127632708927 0.019699828921047165 
0.020285127632708927 0.019699828921047165 
0.03215116662018618 0.03122349011048187 
0.020285127632708927 0.019699828921047165 
0.020285127632708927 0.019699828921047165 
0.020285127632708927 0.019699828921047165 
0.020285127632708927 0.019699828921047165 
0.020285127632708927 0.019699828921047165 
0.020285127632708927 0.019699828921047165 
0.020285127632708927 0.019699828921047165 
0.020285127632708923 0.019699828921047168 
0.020285127632708927 0.019699828921047165 
0.040570255265417854 0.03939965784209433 
0.03215116662018618 0.03122349011048187 
0.03215116662018618 0.03122349011048187 
0.040570255265417854 0.03939965784209433 
0.03215116662018618 0.03122349011048187 
0.020285127632708927 0.019699828921047165 
0.020285127632708927 0.019699828921047165 
0.03215116662018618 0.03122349011048187 
0.03215116662018618 0.03122349011048187 
0.020285127632708927 0.019699828921047165 
0.020285127632708927 0.019699828921047165 
0.020285127632708927 0.019699828921047165 
0.020285127632708927 0.019699828921047165 
0.020285127632708927 0.019699828921047165 
0.020285127632708927 0.019699828921047165 
0.020285127632708927 0.019699828921047165 
0.020285127632708927 0.019699828921047165 
0.020285127632708927 0.019699828921047165 
0.020285127632708927 0.019699828921047165 
0.020285127632708927 0.019699828921047165 
0.020285127632708927 0.019699828921047165 
0.020285127632708927 0.019699828921047165 
0.020285127632708927 0.019699828921047165 
0.020285127632708927 0.019699828921047165 
0.020285127632708927 0.019699828921047165 
0.020285127632708923 0.019699828921047168 

2 2
61.72313710945896 0.0 
0.0 34.825937367390296 

2 18
0.1308228551264863 0.13799743169683845 0.07354295126791396 0.0774556286150739 0.1422037401493873 0.14078878390771332 0.16231592431149164 0.057911139539925195 0.08078286194132271 0.0365212842442094 0.27963733411486985 0.20562123116885067 0.2609524678436783 0.23417757744233553 0.19694268166703285 0.38094324056259427 0.5097707789816543 0.4331836244718605 
-0.19876734877646754 -0.16326553873592514 -0.08324563472280462 -0.09963000586854782 -0.22793722988596732 -0.22848636492811172 -0.2662237667892846 -0.08995789982028714 -0.10320044794650458 -0.03100585812073357 -0.1747952224198022 -0.16571196743015396 -0.14193571695553694 -0.20944142170202512 0.08767079985440826 -0.28747706415598806 0.6734567455858794 0.23736220307247485 

the 2 5 1 1 6 4 4 1 3 2 3 3 4 3 0 2 10 3 
fundamental 1 1 1 1 0 0 0 0 0 0 0 0 0 0 0 0 0 0 
theorem 1 2 1 1 1 1 1 0 0 0 0 0 0 0 0 0 0 0 
of 2 6 2 2 3 3 4 1 2 0 2 1 2 5 1 4 6 3 
calculus 1 0 0 0 0 0 0 0 0 0 0 0 0 0 0 0 0 0 
states 1 1 1 1 1 1 1 0 0 0 0 0 0 0 0 0 0 0 
that 1 1 1 1 1 1 1 0 1 1 4 2 1 0 1 1 1 2 
definite 1 0 0 0 0 0 0 0 0 0 0 0 0 0 0 0 0 0 
integral 1 0 0 0 2 2 2 0 0 0 0 0 0 0 0 0 0 0 
from 1 0 0 0 0 0 0 0 0 0 0 0 0 0 2 0 0 0 
a 3 1 0 1 2 2 3 1 0 0 3 4 1 4 2 8 2 1 
to 2 0 0 0 1 1 1 0 0 0 2 0 0 0 0 0 7 1 
b 2 0 0 0 0 0 0 0 0 0 0 2 0 0 0 0 0 0 
f 5 0 0 0 0 0 0 0 0 0 0 0 0 0 0 0 0 0 
x 1 0 0 0 0 0 2 0 0 0 0 0 0 0 0 0 0 0 
is 3 0 0 0 1 1 1 1 1 0 3 2 1 6 0 2 0 3 
equal 1 1 0 0 1 1 1 0 0 0 0 0 0 0 0 0 0 0 
where 1 0 0 0 0 0 0 0 0 0 0 0 0 0 0 0 0 0 
function 1 0 0 0 2 2 2 1 1 0 0 0 0 0 0 0 0 0 
whose 1 0 0 0 0 0 0 0 0 0 0 0 0 0 0 0 0 0 
derivative 1 0 0 0 0 0 0 0 0 0 0 0 0 0 0 0 0 0 
linear 0 2 1 0 0 0 0 0 0 0 0 0 0 0 0 0 0 0 
algebra 0 1 1 0 0 0 0 0 0 0 0 0 0 0 0 0 0 0 
or 0 1 0 0 0 0 0 0 0 0 0 0 2 1 1 2 2 1 
rank 0 1 0 0 0 0 0 0 0 0 0 0 0 0 0 0 0 0 
nullity 0 1 0 0 0 0 0 0 0 0 0 0 0 0 0 0 0 0 
sum 0 1 0 0 0 0 0 0 0 0 0 0 0 0 0 0 0 0 
dimensions 0 2 0 0 0 0 1 0 0 0 0 0 0 0 0 0 0 0 
null 0 1 0 0 0 0 0 0 0 0 0 0 0 0 0 0 0 0 
space 0 1 0 0 0 0 0 0 0 0 0 0 0 0 0 0 0 0 
and 0 1 0 0 0 0 0 0 0 0 1 4 0 1 5 12 5 3 
range 0 1 0 0 0 0 0 0 0 0 0 0 0 0 0 0 0 0 
map 0 2 0 0 0 0 0 0 0 0 0 0 0 0 0 0 0 0 
domain 0 1 0 0 0 0 0 0 0 0 0 0 0 0 0 0 0 0 
said 0 1 0 0 0 0 0 0 0 0 0 0 0 0 0 0 0 0 
every 0 0 1 1 0 0 0 0 0 0 0 0 0 0 0 0 0 0 
polynomial 0 0 1 0 0 0 0 0 0 0 0 0 0 0 0 0 0 0 
with 0 0 1 0 0 0 0 0 0 0 0 0 0 0 1 1 3 0 
integer 0 0 1 0 0 0 0 0 0 0 0 0 0 0 0 0 0 0 
coefficients 0 0 1 0 0 0 0 0 0 0 0 0 0 0 0 0 0 0 
degree 0 0 1 0 0 0 0 0 0 0 0 0 0 0 0 0 0 0 
n 0 0 2 0 0 0 0 0 0 0 0 0 0 0 0 1 0 0 
can 0 0 1 1 0 0 0 0 0 0 1 0 2 1 0 1 0 2 
be 0 0 1 1 0 0 0 0 0 0 1 0 2 0 0 0 1 1 
factored 0 0 1 0 0 0 0 0 0 0 0 0 0 0 0 0 0 0 
into 0 0 1 0 0 0 0 0 0 0 0 0 0 0 0 0 0 0 
terms 0 0 1 0 0 0 0 0 0 0 0 0 0 0 0 0 1 0 
over 0 0 1 0 2 2 1 0 0 0 0 0 0 0 0 0 0 0 
c 0 0 1 0 0 0 0 0 0 0 0 0 0 0 0 0 0 0 
arithmatic 0 0 0 1 0 0 0 0 0 0 0 0 0 0 0 0 0 0 
number 0 0 0 1 0 0 0 0 0 0 0 0 0 0 0 0 0 0 
written 0 0 0 1 0 0 0 0 0 0 0 0 0 0 0 0 0 0 
as 0 0 0 1 0 0 0 0 0 0 0 0 0 0 0 0 0 0 
unique 0 0 0 1 0 0 0 0 0 0 0 0 0 0 0 0 0 0 
product 0 0 0 1 0 0 0 0 0 0 0 0 0 0 0 0 0 0 
prime 0 0 0 1 0 0 0 0 0 0 0 0 0 0 0 0 0 0 
factors 0 0 0 1 0 0 0 0 0 0 0 0 0 0 0 0 0 0 
divergence 0 0 0 0 2 0 0 0 0 0 0 0 0 0 0 0 0 0 
closed 0 0 0 0 1 1 1 0 0 0 0 0 0 0 0 0 0 0 
surface 0 0 0 0 1 2 0 0 0 0 0 0 0 0 0 0 0 0 
vector 0 0 0 0 2 2 2 1 0 0 0 0 0 0 0 0 0 0 
triple 0 0 0 0 1 0 0 0 0 0 0 0 0 0 0 0 0 0 
enclosed 0 0 0 0 1 1 1 0 0 0 0 0 0 0 0 0 0 0 
volume 0 0 0 0 1 0 0 0 0 0 0 0 0 0 0 0 0 0 
stoke 0 0 0 0 0 1 0 0 0 0 0 0 0 0 0 0 0 0 
s 0 0 0 0 0 1 1 0 0 0 2 0 0 0 0 1 0 0 
curve 0 0 0 0 0 1 2 0 0 0 0 0 0 0 0 0 0 0 
an 0 0 0 0 0 1 0 0 0 0 0 0 2 0 0 0 1 1 
curl 0 0 0 0 0 1 0 1 0 0 0 0 0 0 0 0 0 0 
green 0 0 0 0 0 0 1 0 0 0 0 0 0 0 0 0 0 0 
in 0 0 0 0 0 0 1 0 0 0 0 1 2 3 0 0 3 4 
two 0 0 0 0 0 0 1 0 0 0 0 1 2 0 0 0 0 0 
p 0 0 0 0 0 0 1 0 0 0 0 2 0 0 0 0 0 0 
y 0 0 0 0 0 0 2 0 0 0 0 0 0 0 0 0 0 0 
q 0 0 0 0 0 0 1 0 0 0 0 0 0 0 0 0 0 0 
double 0 0 0 0 0 0 1 0 0 0 0 0 0 0 0 0 0 0 
area 0 0 0 0 0 0 1 0 0 0 0 0 0 0 0 0 0 0 
by 0 0 0 0 0 0 1 0 0 0 1 2 0 0 0 0 0 0 
qx 0 0 0 0 0 0 1 0 0 0 0 0 0 0 0 0 0 0 
py 0 0 0 0 0 0 1 0 0 0 0 0 0 0 0 0 0 0 
conservative 0 0 0 0 0 0 0 1 0 0 0 0 0 0 0 0 0 0 
riemann 0 0 0 0 0 0 0 0 2 0 0 0 0 0 0 0 0 0 
hypothesis 0 0 0 0 0 0 0 0 1 0 0 0 0 0 0 0 0 0 
predicts 0 0 0 0 0 0 0 0 1 1 0 0 0 0 0 0 0 0 
real 0 0 0 0 0 0 0 0 1 0 0 0 0 0 0 0 0 0 
part 0 0 0 0 0 0 0 0 1 0 0 0 0 0 0 0 0 0 
all 0 0 0 0 0 0 0 0 1 0 0 0 0 1 2 1 0 0 
non 0 0 0 0 0 0 0 0 1 0 0 0 0 0 0 0 0 0 
trivial 0 0 0 0 0 0 0 0 1 0 0 0 0 0 0 0 0 0 
zeros 0 0 0 0 0 0 0 0 1 0 0 0 0 0 0 0 0 0 
zeta 0 0 0 0 0 0 0 0 1 0 0 0 0 0 0 0 0 0 
twin 0 0 0 0 0 0 0 0 0 1 0 0 0 0 0 0 0 0 
primes 0 0 0 0 0 0 0 0 0 2 0 0 0 0 0 0 0 0 
conjecture 0 0 0 0 0 0 0 0 0 1 0 0 0 0 0 0 0 0 
gap 0 0 0 0 0 0 0 0 0 1 0 0 0 0 0 0 0 0 
between 0 0 0 0 0 0 0 0 0 1 0 0 0 0 0 0 1 0 
never 0 0 0 0 0 0 0 0 0 1 0 0 0 0 0 0 0 0 
goes 0 0 0 0 0 0 0 0 0 1 0 0 0 0 0 0 0 0 
below 0 0 0 0 0 0 0 0 0 1 0 0 0 0 0 0 0 0 
morpheme 0 0 0 0 0 0 0 0 0 0 5 0 0 0 0 0 0 0 
smallest 0 0 0 0 0 0 0 0 0 0 1 0 0 0 0 0 0 0 
unit 0 0 0 0 0 0 0 0 0 0 1 1 0 0 0 0 0 0 
speech 0 0 0 0 0 0 0 0 0 0 1 1 0 0 0 0 0 0 
has 0 0 0 0 0 0 0 0 0 0 1 0 0 0 0 3 0 0 
some 0 0 0 0 0 0 0 0 0 0 2 0 0 1 1 2 1 1 
morphemes 0 0 0 0 0 0 0 0 0 0 2 0 0 0 0 0 0 0 
are 0 0 0 0 0 0 0 0 0 0 2 2 2 0 2 1 1 4 
bound 0 0 0 0 0 0 0 0 0 0 2 0 0 0 0 0 0 0 
meaning 0 0 0 0 0 0 0 0 0 0 4 0 0 1 0 0 1 1 
they 0 0 0 0 0 0 0 0 0 0 2 0 1 0 0 0 0 2 
have 0 0 0 0 0 0 0 0 0 0 1 0 0 0 0 0 1 1 
attached 0 0 0 0 0 0 0 0 0 0 1 0 0 0 0 0 0 0 
other 0 0 0 0 0 0 0 0 0 0 4 0 1 0 0 0 0 0 
free 0 0 0 0 0 0 0 0 0 0 2 0 0 0 0 0 0 0 
stand 0 0 0 0 0 0 0 0 0 0 2 0 0 0 0 0 0 0 
themselves 0 0 0 0 0 0 0 0 0 0 1 0 0 0 0 0 0 0 
for 0 0 0 0 0 0 0 0 0 0 1 1 1 0 2 0 4 2 
example 0 0 0 0 0 0 0 0 0 0 1 1 1 0 1 0 1 0 
word 0 0 0 0 0 0 0 0 0 0 2 0 1 0 0 0 0 1 
bike 0 0 0 0 0 0 0 0 0 0 1 0 0 0 0 0 0 0 
it 0 0 0 0 0 0 0 0 0 0 4 0 1 1 1 2 2 0 
conveys 0 0 0 0 0 0 0 0 0 0 2 0 0 0 0 0 0 0 
doesn 0 0 0 0 0 0 0 0 0 0 1 0 0 0 0 0 0 0 
t 0 0 0 0 0 0 0 0 0 0 1 0 5 0 0 0 0 1 
need 0 0 0 0 0 0 0 0 0 0 1 0 0 0 0 0 0 0 
any 0 0 0 0 0 0 0 0 0 0 1 0 0 0 0 0 1 0 
supporting 0 0 0 0 0 0 0 0 0 0 1 0 0 0 0 0 0 0 
on 0 0 0 0 0 0 0 0 0 0 2 0 1 1 0 0 0 1 
hand 0 0 0 0 0 0 0 0 0 0 1 0 0 0 0 0 0 0 
ie 0 0 0 0 0 0 0 0 0 0 1 0 0 0 0 0 0 0 
there 0 0 0 0 0 0 0 0 0 0 1 2 0 0 1 0 2 0 
more 0 0 0 0 0 0 0 0 0 0 1 0 0 0 1 0 1 1 
than 0 0 0 0 0 0 0 0 0 0 1 0 0 0 0 0 0 1 
one 0 0 0 0 0 0 0 0 0 0 1 0 1 0 0 0 0 1 
something 0 0 0 0 0 0 0 0 0 0 1 0 0 0 0 1 2 0 
but 0 0 0 0 0 0 0 0 0 0 1 0 1 1 0 1 2 2 
cannot 0 0 0 0 0 0 0 0 0 0 1 0 0 0 0 0 0 0 
its 0 0 0 0 0 0 0 0 0 0 1 0 1 0 0 0 0 0 
own 0 0 0 0 0 0 0 0 0 0 1 0 0 0 0 0 0 0 
phoneme 0 0 0 0 0 0 0 0 0 0 0 2 2 0 0 0 0 0 
smalles 0 0 0 0 0 0 0 0 0 0 0 1 0 0 0 0 0 0 
when 0 0 0 0 0 0 0 0 0 0 0 1 0 0 0 0 0 2 
talking 0 0 0 0 0 0 0 0 0 0 0 1 0 0 0 0 0 0 
about 0 0 0 0 0 0 0 0 0 0 0 1 0 0 0 0 0 0 
sound 0 0 0 0 0 0 0 0 0 0 0 3 2 0 0 0 0 0 
language 0 0 0 0 0 0 0 0 0 0 0 1 0 0 1 1 0 0 
if 0 0 0 0 0 0 0 0 0 0 0 1 0 0 1 0 1 0 
different 0 0 0 0 0 0 0 0 0 0 0 1 1 0 0 0 0 0 
words 0 0 0 0 0 0 0 0 0 0 0 2 0 0 0 1 0 0 
differ 0 0 0 0 0 0 0 0 0 0 0 2 0 0 0 0 0 0 
only 0 0 0 0 0 0 0 0 0 0 0 2 0 0 0 0 0 0 
phonemes 0 0 0 0 0 0 0 0 0 0 0 1 0 0 0 0 0 0 
because 0 0 0 0 0 0 0 0 0 0 0 1 0 0 0 0 0 2 
pat 0 0 0 0 0 0 0 0 0 0 0 1 0 0 0 0 0 0 
bat 0 0 0 0 0 0 0 0 0 0 0 1 0 0 0 0 0 0 
pronounced 0 0 0 0 0 0 0 0 0 0 0 1 3 0 0 1 0 1 
paet 0 0 0 0 0 0 0 0 0 0 0 1 0 0 0 0 0 0 
baet 0 0 0 0 0 0 0 0 0 0 0 1 0 0 0 0 0 0 
sounds 0 0 0 0 0 0 0 0 0 0 0 1 2 0 0 1 0 0 
allophone 0 0 0 0 0 0 0 0 0 0 0 0 1 0 0 0 0 0 
alternate 0 0 0 0 0 0 0 0 0 0 0 0 1 0 0 0 0 0 
pronunciation 0 0 0 0 0 0 0 0 0 0 0 0 1 0 0 0 0 0 
this 0 0 0 0 0 0 0 0 0 0 0 0 2 2 0 0 0 2 
happens 0 0 0 0 0 0 0 0 0 0 0 0 1 0 0 0 0 0 
whenever 0 0 0 0 0 0 0 0 0 0 0 0 1 0 0 0 0 0 
occur 0 0 0 0 0 0 0 0 0 0 0 0 1 0 0 0 0 0 
complementary 0 0 0 0 0 0 0 0 0 0 0 0 1 0 0 0 0 0 
distribution 0 0 0 0 0 0 0 0 0 0 0 0 1 0 0 0 0 0 
means 0 0 0 0 0 0 0 0 0 0 0 0 1 0 0 0 0 0 
you 0 0 0 0 0 0 0 0 0 0 0 0 2 0 1 0 7 5 
predict 0 0 0 0 0 0 0 0 0 0 0 0 2 0 0 0 0 0 
whether 0 0 0 0 0 0 0 0 0 0 0 0 2 1 0 0 0 0 
will 0 0 0 0 0 0 0 0 0 0 0 0 2 0 0 0 0 0 
based 0 0 0 0 0 0 0 0 0 0 0 0 1 0 0 1 0 0 
entirely 0 0 0 0 0 0 0 0 0 0 0 0 1 0 0 0 0 0 
position 0 0 0 0 0 0 0 0 0 0 0 0 1 0 0 0 0 0 
initially 0 0 0 0 0 0 0 0 0 0 0 0 1 0 0 0 0 0 
gets 0 0 0 0 0 0 0 0 0 0 0 0 3 0 0 0 0 0 
h 0 0 0 0 0 0 0 0 0 0 0 0 2 0 0 6 0 0 
so 0 0 0 0 0 0 0 0 0 0 0 0 2 0 1 0 1 1 
top 0 0 0 0 0 0 0 0 0 0 0 0 1 0 0 0 0 1 
hap 0 0 0 0 0 0 0 0 0 0 0 0 1 0 0 0 0 0 
while 0 0 0 0 0 0 0 0 0 0 0 0 1 0 0 0 0 0 
stop 0 0 0 0 0 0 0 0 0 0 0 0 1 0 0 1 0 0 
stap 0 0 0 0 0 0 0 0 0 0 0 0 1 0 0 0 0 0 
these 0 0 0 0 0 0 0 0 0 0 0 0 1 0 0 1 0 0 
english 0 0 0 0 0 0 0 0 0 0 0 0 1 0 1 0 0 0 
really 0 0 0 0 0 0 0 0 0 0 0 0 1 0 0 1 0 1 
just 0 0 0 0 0 0 0 0 0 0 0 0 1 0 0 0 0 0 
variations 0 0 0 0 0 0 0 0 0 0 0 0 1 0 0 0 0 0 
same 0 0 0 0 0 0 0 0 0 0 0 0 1 0 0 0 0 0 
semantics 0 0 0 0 0 0 0 0 0 0 0 0 0 2 0 0 0 0 
study 0 0 0 0 0 0 0 0 0 0 0 0 0 1 0 0 0 0 
fairly 0 0 0 0 0 0 0 0 0 0 0 0 0 2 0 0 0 0 
daunting 0 0 0 0 0 0 0 0 0 0 0 0 0 1 0 0 0 0 
idea 0 0 0 0 0 0 0 0 0 0 0 0 0 1 0 0 0 0 
done 0 0 0 0 0 0 0 0 0 0 0 0 0 1 0 0 0 0 
simply 0 0 0 0 0 0 0 0 0 0 0 0 0 1 0 0 0 0 
important 0 0 0 0 0 0 0 0 0 0 0 0 0 1 0 0 0 0 
tools 0 0 0 0 0 0 0 0 0 0 0 0 0 1 0 0 0 0 
include 0 0 0 0 0 0 0 0 0 0 0 0 0 1 0 0 0 0 
logic 0 0 0 0 0 0 0 0 0 0 0 0 0 1 0 0 0 0 
set 0 0 0 0 0 0 0 0 0 0 0 0 0 3 0 1 0 0 
theory 0 0 0 0 0 0 0 0 0 0 0 0 0 1 0 0 0 0 
basically 0 0 0 0 0 0 0 0 0 0 0 0 0 1 0 0 0 0 
sentence 0 0 0 0 0 0 0 0 0 0 0 0 0 2 0 0 0 0 
like 0 0 0 0 0 0 0 0 0 0 0 0 0 1 1 1 4 3 
joan 0 0 0 0 0 0 0 0 0 0 0 0 0 2 0 0 0 0 
clock 0 0 0 0 0 0 0 0 0 0 0 0 0 1 0 0 0 0 
thre 0 0 0 0 0 0 0 0 0 0 0 0 0 1 0 0 0 0 
truth 0 0 0 0 0 0 0 0 0 0 0 0 0 1 0 0 0 0 
value 0 0 0 0 0 0 0 0 0 0 0 0 0 1 0 0 0 0 
depends 0 0 0 0 0 0 0 0 0 0 0 0 0 1 0 0 0 0 
member 0 0 0 0 0 0 0 0 0 0 0 0 0 1 0 0 0 0 
clocks 0 0 0 0 0 0 0 0 0 0 0 0 0 1 0 0 0 0 
then 0 0 0 0 0 0 0 0 0 0 0 0 0 1 0 0 0 0 
examining 0 0 0 0 0 0 0 0 0 0 0 0 0 1 0 0 0 0 
which 0 0 0 0 0 0 0 0 0 0 0 0 0 1 0 1 1 2 
possible 0 0 0 0 0 0 0 0 0 0 0 0 0 1 0 0 0 0 
worlds 0 0 0 0 0 0 0 0 0 0 0 0 0 1 0 0 0 0 
we 0 0 0 0 0 0 0 0 0 0 0 0 0 2 0 2 0 0 
live 0 0 0 0 0 0 0 0 0 0 0 0 0 1 0 0 0 0 
determine 0 0 0 0 0 0 0 0 0 0 0 0 0 1 0 0 0 0 
not 0 0 0 0 0 0 0 0 0 0 0 0 0 1 0 0 1 0 
true 0 0 0 0 0 0 0 0 0 0 0 0 0 1 0 0 0 0 
similar 0 0 0 0 0 0 0 0 0 0 0 0 0 0 2 1 0 0 
languages 0 0 0 0 0 0 0 0 0 0 0 0 0 0 7 0 1 0 
right 0 0 0 0 0 0 0 0 0 0 0 0 0 0 1 0 0 0 
why 0 0 0 0 0 0 0 0 0 0 0 0 0 0 1 0 0 1 
does 0 0 0 0 0 0 0 0 0 0 0 0 0 0 1 0 0 0 
spanish 0 0 0 0 0 0 0 0 0 0 0 0 0 0 1 0 0 0 
padre 0 0 0 0 0 0 0 0 0 0 0 0 0 0 1 0 0 0 
look 0 0 0 0 0 0 0 0 0 0 0 0 0 0 1 0 0 0 
kinda 0 0 0 0 0 0 0 0 0 0 0 0 0 0 1 0 0 0 
father 0 0 0 0 0 0 0 0 0 0 0 0 0 0 1 0 0 0 
por 0 0 0 0 0 0 0 0 0 0 0 0 0 0 1 0 0 0 
moreover 0 0 0 0 0 0 0 0 0 0 0 0 0 0 1 0 0 0 
know 0 0 0 0 0 0 0 0 0 0 0 0 0 0 1 1 0 0 
ancient 0 0 0 0 0 0 0 0 0 0 0 0 0 0 1 0 0 0 
greek 0 0 0 0 0 0 0 0 0 0 0 0 0 0 2 0 0 0 
latin 0 0 0 0 0 0 0 0 0 0 0 0 0 0 2 0 0 0 
things 0 0 0 0 0 0 0 0 0 0 0 0 0 0 1 0 0 1 
get 0 0 0 0 0 0 0 0 0 0 0 0 0 0 1 0 3 1 
even 0 0 0 0 0 0 0 0 0 0 0 0 0 0 1 0 0 0 
pater 0 0 0 0 0 0 0 0 0 0 0 0 0 0 2 0 0 0 
mater 0 0 0 0 0 0 0 0 0 0 0 0 0 0 2 0 0 0 
etc 0 0 0 0 0 0 0 0 0 0 0 0 0 0 1 0 2 1 
turns 0 0 0 0 0 0 0 0 0 0 0 0 0 0 1 0 0 0 
out 0 0 0 0 0 0 0 0 0 0 0 0 0 0 1 0 0 0 
indo 0 0 0 0 0 0 0 0 0 0 0 0 0 0 2 1 0 0 
european 0 0 0 0 0 0 0 0 0 0 0 0 0 0 2 1 0 0 
decended 0 0 0 0 0 0 0 0 0 0 0 0 0 0 2 0 0 0 
slavic 0 0 0 0 0 0 0 0 0 0 0 0 0 0 1 0 0 0 
germanic 0 0 0 0 0 0 0 0 0 0 0 0 0 0 1 0 0 0 
celtic 0 0 0 0 0 0 0 0 0 0 0 0 0 0 1 0 0 0 
albanian 0 0 0 0 0 0 0 0 0 0 0 0 0 0 1 0 0 0 
baltic 0 0 0 0 0 0 0 0 0 0 0 0 0 0 1 0 0 0 
bunch 0 0 0 0 0 0 0 0 0 0 0 0 0 0 1 0 1 0 
dead 0 0 0 0 0 0 0 0 0 0 0 0 0 0 1 0 0 0 
families 0 0 0 0 0 0 0 0 0 0 0 0 0 0 1 0 0 0 
common 0 0 0 0 0 0 0 0 0 0 0 0 0 0 1 0 0 0 
ancestor 0 0 0 0 0 0 0 0 0 0 0 0 0 0 1 0 0 0 
proto 0 0 0 0 0 0 0 0 0 0 0 0 0 0 1 1 0 0 
pie 0 0 0 0 0 0 0 0 0 0 0 0 0 0 0 1 4 1 
very 0 0 0 0 0 0 0 0 0 0 0 0 0 0 0 3 2 0 
strange 0 0 0 0 0 0 0 0 0 0 0 0 0 0 0 1 0 0 
lot 0 0 0 0 0 0 0 0 0 0 0 0 0 0 0 1 0 0 
familiar 0 0 0 0 0 0 0 0 0 0 0 0 0 0 0 1 0 0 
bizarre 0 0 0 0 0 0 0 0 0 0 0 0 0 0 0 1 0 0 
grammar 0 0 0 0 0 0 0 0 0 0 0 0 0 0 0 1 1 0 
incredibly 0 0 0 0 0 0 0 0 0 0 0 0 0 0 0 1 0 0 
weird 0 0 0 0 0 0 0 0 0 0 0 0 0 0 0 1 1 1 
phonology 0 0 0 0 0 0 0 0 0 0 0 0 0 0 0 1 0 0 
probably 0 0 0 0 0 0 0 0 0 0 0 0 0 0 0 2 0 1 
had 0 0 0 0 0 0 0 0 0 0 0 0 0 0 0 1 1 2 
three 0 0 0 0 0 0 0 0 0 0 0 0 0 0 0 1 2 0 
vowels 0 0 0 0 0 0 0 0 0 0 0 0 0 0 0 5 0 2 
e 0 0 0 0 0 0 0 0 0 0 0 0 0 0 0 2 0 5 
o 0 0 0 0 0 0 0 0 0 0 0 0 0 0 0 2 0 1 
several 0 0 0 0 0 0 0 0 0 0 0 0 0 0 0 2 0 0 
consonants 0 0 0 0 0 0 0 0 0 0 0 0 0 0 0 2 0 0 
including 0 0 0 0 0 0 0 0 0 0 0 0 0 0 0 3 0 0 
unvoiced 0 0 0 0 0 0 0 0 0 0 0 0 0 0 0 1 0 0 
voiced 0 0 0 0 0 0 0 0 0 0 0 0 0 0 0 3 0 0 
breathy 0 0 0 0 0 0 0 0 0 0 0 0 0 0 0 1 0 0 
bilabial 0 0 0 0 0 0 0 0 0 0 0 0 0 0 0 1 0 0 
alveolar 0 0 0 0 0 0 0 0 0 0 0 0 0 0 0 1 0 0 
velar 0 0 0 0 0 0 0 0 0 0 0 0 0 0 0 2 0 0 
post 0 0 0 0 0 0 0 0 0 0 0 0 0 0 0 1 0 0 
stops 0 0 0 0 0 0 0 0 0 0 0 0 0 0 0 1 0 0 
sonorants 0 0 0 0 0 0 0 0 0 0 0 0 0 0 0 1 0 1 
m 0 0 0 0 0 0 0 0 0 0 0 0 0 0 0 1 0 0 
l 0 0 0 0 0 0 0 0 0 0 0 0 0 0 0 1 0 0 
r 0 0 0 0 0 0 0 0 0 0 0 0 0 0 0 1 0 0 
fricatives 0 0 0 0 0 0 0 0 0 0 0 0 0 0 0 1 0 0 
mysterious 0 0 0 0 0 0 0 0 0 0 0 0 0 0 0 1 0 0 
called 0 0 0 0 0 0 0 0 0 0 0 0 0 0 0 2 0 1 
laryngeals 0 0 0 0 0 0 0 0 0 0 0 0 0 0 0 3 0 0 
were 0 0 0 0 0 0 0 0 0 0 0 0 0 0 0 1 1 0 
glottal 0 0 0 0 0 0 0 0 0 0 0 0 0 0 0 1 0 0 
fricative 0 0 0 0 0 0 0 0 0 0 0 0 0 0 0 3 0 0 
voiceless 0 0 0 0 0 0 0 0 0 0 0 0 0 0 0 1 0 0 
uvular 0 0 0 0 0 0 0 0 0 0 0 0 0 0 0 1 0 0 
pharyngeal 0 0 0 0 0 0 0 0 0 0 0 0 0 0 0 1 0 0 
lip 0 0 0 0 0 0 0 0 0 0 0 0 0 0 0 1 0 0 
rounding 0 0 0 0 0 0 0 0 0 0 0 0 0 0 0 1 0 0 
respectively 0 0 0 0 0 0 0 0 0 0 0 0 0 0 0 1 0 0 
colored 0 0 0 0 0 0 0 0 0 0 0 0 0 0 0 3 0 0 
off 0 0 0 0 0 0 0 0 0 0 0 0 0 0 0 1 0 0 
modern 0 0 0 0 0 0 0 0 0 0 0 0 0 0 0 1 2 0 
arabic 0 0 0 0 0 0 0 0 0 0 0 0 0 0 0 1 0 0 
vowel 0 0 0 0 0 0 0 0 0 0 0 0 0 0 0 1 0 0 
coloring 0 0 0 0 0 0 0 0 0 0 0 0 0 0 0 1 0 0 
guess 0 0 0 0 0 0 0 0 0 0 0 0 0 0 0 1 0 0 
pronounciation 0 0 0 0 0 0 0 0 0 0 0 0 0 0 0 1 0 0 
also 0 0 0 0 0 0 0 0 0 0 0 0 0 0 0 0 1 0 
instead 0 0 0 0 0 0 0 0 0 0 0 0 0 0 0 0 1 0 
making 0 0 0 0 0 0 0 0 0 0 0 0 0 0 0 0 1 0 
tense 0 0 0 0 0 0 0 0 0 0 0 0 0 0 0 0 1 0 
distinctions 0 0 0 0 0 0 0 0 0 0 0 0 0 0 0 0 1 0 
was 0 0 0 0 0 0 0 0 0 0 0 0 0 0 0 0 6 1 
concerned 0 0 0 0 0 0 0 0 0 0 0 0 0 0 0 0 1 0 
aspects 0 0 0 0 0 0 0 0 0 0 0 0 0 0 0 0 2 0 
kinds 0 0 0 0 0 0 0 0 0 0 0 0 0 0 0 0 1 0 
verbs 0 0 0 0 0 0 0 0 0 0 0 0 0 0 0 0 5 1 
present 0 0 0 0 0 0 0 0 0 0 0 0 0 0 0 0 2 0 
aorist 0 0 0 0 0 0 0 0 0 0 0 0 0 0 0 0 3 0 
perfect 0 0 0 0 0 0 0 0 0 0 0 0 0 0 0 0 2 0 
correspond 0 0 0 0 0 0 0 0 0 0 0 0 0 0 0 0 1 0 
imperfective 0 0 0 0 0 0 0 0 0 0 0 0 0 0 0 0 1 0 
perfective 0 0 0 0 0 0 0 0 0 0 0 0 0 0 0 0 1 0 
stative 0 0 0 0 0 0 0 0 0 0 0 0 0 0 0 0 1 0 
could 0 0 0 0 0 0 0 0 0 0 0 0 0 0 0 0 3 1 
types 0 0 0 0 0 0 0 0 0 0 0 0 0 0 0 0 2 0 
derivational 0 0 0 0 0 0 0 0 0 0 0 0 0 0 0 0 1 0 
morphology 0 0 0 0 0 0 0 0 0 0 0 0 0 0 0 0 1 0 
place 0 0 0 0 0 0 0 0 0 0 0 0 0 0 0 0 1 0 
allow 0 0 0 0 0 0 0 0 0 0 0 0 0 0 0 0 1 0 
switch 0 0 0 0 0 0 0 0 0 0 0 0 0 0 0 0 1 1 
regular 0 0 0 0 0 0 0 0 0 0 0 0 0 0 0 0 1 0 
strict 0 0 0 0 0 0 0 0 0 0 0 0 0 0 0 0 1 0 
root 0 0 0 0 0 0 0 0 0 0 0 0 0 0 0 0 4 1 
gwem 0 0 0 0 0 0 0 0 0 0 0 0 0 0 0 0 1 2 
inflected 0 0 0 0 0 0 0 0 0 0 0 0 0 0 0 0 1 0 
got 0 0 0 0 0 0 0 0 0 0 0 0 0 0 0 0 1 0 
aspect 0 0 0 0 0 0 0 0 0 0 0 0 0 0 0 0 1 0 
gwemmi 0 0 0 0 0 0 0 0 0 0 0 0 0 0 0 0 1 0 
kind 0 0 0 0 0 0 0 0 0 0 0 0 0 0 0 0 2 0 
i 0 0 0 0 0 0 0 0 0 0 0 0 0 0 0 0 3 0 
stepped 0 0 0 0 0 0 0 0 0 0 0 0 0 0 0 0 3 0 
gwemsi 0 0 0 0 0 0 0 0 0 0 0 0 0 0 0 0 1 0 
add 0 0 0 0 0 0 0 0 0 0 0 0 0 0 0 0 1 1 
ske 0 0 0 0 0 0 0 0 0 0 0 0 0 0 0 0 1 1 
suffix 0 0 0 0 0 0 0 0 0 0 0 0 0 0 0 0 1 1 
change 0 0 0 0 0 0 0 0 0 0 0 0 0 0 0 0 1 0 
stem 0 0 0 0 0 0 0 0 0 0 0 0 0 0 0 0 2 0 
gwmske 0 0 0 0 0 0 0 0 0 0 0 0 0 0 0 0 1 0 
gwmskomi 0 0 0 0 0 0 0 0 0 0 0 0 0 0 0 0 1 1 
am 0 0 0 0 0 0 0 0 0 0 0 0 0 0 0 0 1 0 
stepping 0 0 0 0 0 0 0 0 0 0 0 0 0 0 0 0 2 0 
gwmskesi 0 0 0 0 0 0 0 0 0 0 0 0 0 0 0 0 1 0 
reduplicate 0 0 0 0 0 0 0 0 0 0 0 0 0 0 0 0 1 0 
verb 0 0 0 0 0 0 0 0 0 0 0 0 0 0 0 0 1 0 
gwegwom 0 0 0 0 0 0 0 0 0 0 0 0 0 0 0 0 1 0 
gwegwome 0 0 0 0 0 0 0 0 0 0 0 0 0 0 0 0 1 0 
later 0 0 0 0 0 0 0 0 0 0 0 0 0 0 0 0 1 0 
extremely 0 0 0 0 0 0 0 0 0 0 0 0 0 0 0 0 1 0 
hard 0 0 0 0 0 0 0 0 0 0 0 0 0 0 0 0 1 0 
interpret 0 0 0 0 0 0 0 0 0 0 0 0 0 0 0 0 1 0 
proper 0 0 0 0 0 0 0 0 0 0 0 0 0 0 0 0 1 0 
noticed 0 0 0 0 0 0 0 0 0 0 0 0 0 0 0 0 0 1 
followed 0 0 0 0 0 0 0 0 0 0 0 0 0 0 0 0 0 1 
clear 0 0 0 0 0 0 0 0 0 0 0 0 0 0 0 0 0 1 
patterns 0 0 0 0 0 0 0 0 0 0 0 0 0 0 0 0 0 1 
mi 0 0 0 0 0 0 0 0 0 0 0 0 0 0 0 0 0 1 
first 0 0 0 0 0 0 0 0 0 0 0 0 0 0 0 0 0 1 
person 0 0 0 0 0 0 0 0 0 0 0 0 0 0 0 0 0 2 
si 0 0 0 0 0 0 0 0 0 0 0 0 0 0 0 0 0 1 
second 0 0 0 0 0 0 0 0 0 0 0 0 0 0 0 0 0 1 
adding 0 0 0 0 0 0 0 0 0 0 0 0 0 0 0 0 0 1 
totally 0 0 0 0 0 0 0 0 0 0 0 0 0 0 0 0 0 1 
broke 0 0 0 0 0 0 0 0 0 0 0 0 0 0 0 0 0 1 
everything 0 0 0 0 0 0 0 0 0 0 0 0 0 0 0 0 0 1 
complicated 0 0 0 0 0 0 0 0 0 0 0 0 0 0 0 0 0 1 
system 0 0 0 0 0 0 0 0 0 0 0 0 0 0 0 0 0 1 
ablaut 0 0 0 0 0 0 0 0 0 0 0 0 0 0 0 0 0 1 
accent 0 0 0 0 0 0 0 0 0 0 0 0 0 0 0 0 0 3 
gw 0 0 0 0 0 0 0 0 0 0 0 0 0 0 0 0 0 2 
em 0 0 0 0 0 0 0 0 0 0 0 0 0 0 0 0 0 2 
sk 0 0 0 0 0 0 0 0 0 0 0 0 0 0 0 0 0 3 
accented 0 0 0 0 0 0 0 0 0 0 0 0 0 0 0 0 0 2 
full 0 0 0 0 0 0 0 0 0 0 0 0 0 0 0 0 0 1 
grade 0 0 0 0 0 0 0 0 0 0 0 0 0 0 0 0 0 1 
d 0 0 0 0 0 0 0 0 0 0 0 0 0 0 0 0 0 2 
expect 0 0 0 0 0 0 0 0 0 0 0 0 0 0 0 0 0 2 
aren 0 0 0 0 0 0 0 0 0 0 0 0 0 0 0 0 0 1 
dropped 0 0 0 0 0 0 0 0 0 0 0 0 0 0 0 0 0 1 
becomes 0 0 0 0 0 0 0 0 0 0 0 0 0 0 0 0 0 1 
gwmsk 0 0 0 0 0 0 0 0 0 0 0 0 0 0 0 0 0 1 
perfectly 0 0 0 0 0 0 0 0 0 0 0 0 0 0 0 0 0 1 
fine 0 0 0 0 0 0 0 0 0 0 0 0 0 0 0 0 0 1 
nuclei 0 0 0 0 0 0 0 0 0 0 0 0 0 0 0 0 0 1 
syllables 0 0 0 0 0 0 0 0 0 0 0 0 0 0 0 0 0 1 
carry 0 0 0 0 0 0 0 0 0 0 0 0 0 0 0 0 0 1 
known 0 0 0 0 0 0 0 0 0 0 0 0 0 0 0 0 0 1 
w 0 0 0 0 0 0 0 0 0 0 0 0 0 0 0 0 0 1 
lkwos 0 0 0 0 0 0 0 0 0 0 0 0 0 0 0 0 0 1 
wolf 0 0 0 0 0 0 0 0 0 0 0 0 0 0 0 0 0 1 
before 0 0 0 0 0 0 0 0 0 0 0 0 0 0 0 0 0 1 
nasals 0 0 0 0 0 0 0 0 0 0 0 0 0 0 0 0 0 1 
rather 0 0 0 0 0 0 0 0 0 0 0 0 0 0 0 0 0 1 
gwemskemi 0 0 0 0 0 0 0 0 0 0 0 0 0 0 0 0 0 1 
